data/20210806_0010.json
{"header": { "discipline": 0, "disciplineName": "wind", "gribEdition": 2, "gribLength": 9207, "center": 7, "centerName": "BBV", "subcenter": 0, "refTime": "20210806_0010", "significanceOfRT": 1, "significanceOfRTName": "Start of forecast", "productStatus": 0, "productStatusName": "Operational products", "productType": 1, "productTypeName": "Forecast products", "productDefinitionTemplate": 0, "productDefinitionTemplateName": "Analysis/forecast at horizontal level/layer at a point in time", "parameterCategory": 2, "parameterCategoryName": "Momentum", "parameterNumber": 3, "parameterNumberName": "V-component_of_wind", "parameterUnit": "m.s-1", "genProcessType": 2, "genProcessTypeName": "Forecast", "forecastTime": 0, "surface1Type": 103, "surface1TypeName": "Specified height level above ground", "surface1Value": 10, "surface2Type": 255, "surface2TypeName": "Missing", "surface2Value": 0, "gridDefinitionTemplate": 0, "gridDefinitionTemplateName": "Latitude_Longitude", "numberPoints": 9207, "shape": 6, "shapeName": "Earth spherical with radius of 6,371,229.0 m", "gridUnits": "degrees", "resolution": 48, "winds": "true", "scanMode": 0, "nx": 99, "ny": 93, "basicAngle": 0, "lo1": 115.7, "la1": 25.9, "lo2": 120.6, "la2": 21.3, "dx": 0.049999999999999913, "dy": 0.049999999999999975 }, "data":
[rows 30 to 59 of 93, columns 0 to 65 of 99]
null,null,null,null,null,null,null,null,null,null,null,null,null,null,null,null,null,null,null,null,null,null,null,null,null,null,null,null,null,null,null,null,null,null,null,null,null,null,null,null,null,null,null,null,null,null,null,null,null,null,null,null,null,null,null,null,null,3.0396992763023789,3.0881090263949114,3.0881090263949114,3.14071678966289,3.29491619520094,3.3929764766529438,3.4397666458550216,3.49448342426307,3.6056202833124984
null,null,null,null,null,null,null,null,null,null,null,null,null,null,null,null,null,null,null,null,null,null,null,null,null,null,null,null,null,null,null,null,null,null,null,null,null,null,null,null,null,null,null,null,null,null,null,null,null,null,null,null,null,null,null,null,null,3.6453326944915521,3.8506611170754854,3.8506611170754836,4.0487611514125872,4.211506628856962,4.167925636708488,4.1360323904998166,4.0621195033594777,3.9430176302915765
null,null,null,null,null,null,null,null,null,null,null,null,null,null,null,null,null,null,null,null,null,null,null,null,null,null,null,null,null,null,null,null,null,null,null,null,null,null,null,null,null,null,null,null,null,null,null,null,null,null,null,null,null,null,null,null,null,4.9523432107691665,5.1545455450546767,5.1545455450546767,5.0583132195875216,4.8649437913903446,4.6338562382365609,4.5597484589415318,4.4371123780384876,4.2429456760227717
null,null,null,null,null,null,null,null,null,null,null,null,null,null,null,null,null,null,null,null,null,null,null,null,null,null,null,null,null,null,null,null,null,null,null,null,null,null,null,null,null,null,null,null,null,null,null,null,null,null,null,null,null,null,null,null,6.6607901042178508,6.5556883774122436,6.3231463461258413,6.3204813088339238,6.0311885089000956,5.405418092619656,5.0794069114747158,4.9785455389330764,4.8134656434261531,4.5690112637232465
null,null,null,null,null,null,null,null,null,null,null,null,null,null,null,null,null,null,null,null,null,null,null,null,null,null,null,null,null,null,null,null,null,null,null,null,null,null,null,null,null,null,null,null,null,null,null,null,null,null,null,null,null,null,null,null,7.670512790013098,7.3851245073274718,7.1375625154406377,7.1426041036682939,6.8279399098718878,6.09004060899319,5.7174406908041409,5.5700380627732038,5.3613984742545391,5.0742360940182385
null,null,null,null,null,null,null,null,null,null,null,null,null,null,null,null,null,null,null,null,null,null,null,null,null,null,null,null,null,null,null,null,null,null,null,null,null,null,null,null,null,null,null,null,null,null,null,null,null,4.9418861824346143,4.9418861824346143,5.8121680617301967,6.2426942730082358,6.6657815200777479,6.9729520060012442,7.2780073129838474,7.9617961268496353,7.8673663405194549,7.679045365412736,7.6796628993560621,7.4517871218260119,6.7648867564021238,6.4457419016919228,6.2931821608529619,6.0676532466103943,5.7963407752351372
null,null,null,null,null,null,null,null,null,null,null,null,null,null,null,null,null,null,null,null,null,null,null,null,null,null,null,null,null,null,null,null,null,null,null,null,null,null,null,null,null,null,null,null,-1.779852172767908,-1.6167783649996512,-1.5268262031193729,-1.3366783397461452,1.9634415343132794,4.2227267950032816,4.2227267950032816,5.6913456393915478,6.4301539153725153,6.8548407193775693,7.0797363746651376,7.5784137952544111,8.249514473664453,8.2276372707027043,8.1259646240312975,8.1240823906516368,7.9823450853942077,7.4599244294519966,7.1920485783114394,7.05326591065186,6.8685013943841415,6.6504411174137905
null,null,null,null,null,null,null,null,null,null,null,null,null,null,null,null,null,null,null,null,null,null,null,null,null,null,null,null,null,null,null,null,null,null,null,null,null,null,null,null,null,null,null,-1.3294742401703119,-1.5059180173167699,-1.4320678929628061,-1.3367742498750019,-1.5336098629406787,1.9155328052972829,4.0904655655465554,4.0904655655465554,5.6144084611845422,6.48207762894077,6.90119195092111,7.220080674863997,7.7670482423987242,8.4579515711703852,8.4775622187531585,8.4360503595613583,8.4523888695808083,8.3835162085688637,8.0790609238515234,7.9370265550817916,7.8787494482646823,7.7592707249796584,7.6339577640497867
null,null,null,null,null,null,null,null,null,null,null,null,null,null,null,null,null,null,null,null,null,null,null,null,null,null,null,null,null,null,null,null,null,null,null,null,null,null,null,null,0.51718970528111052,0.11944206824929109,-0.10513686876612782,-0.95079386769179386,-1.1703686486401281,-1.2501789637738183,-1.4814830078271133,-2.2608823370242481,3.4078169926123913,4.51174457994842,4.51174457994842,5.7823155802082606,6.7075191343638272,7.0812296155223313,7.4085068016857232,7.9458758972598016,8.5939520370920679,8.6608281191598344,8.6632946001714082,8.6939946484606985,8.67508487932218,8.541170515581193,8.5138323604336357,8.5506800319224627,8.5145865552540538,8.5392919538940273
null,null,null,null,null,null,null,null,null,null,null,null,null,null,null,null,null,null,null,null,null,null,null,null,null,null,null,null,null,null,null,null,null,null,null,2.2746768093837768,2.2746768093837768,2.4097059093496305,2.5196999930608155,1.6955669922079402,1.1898041952304652,0.92428744592558387,0.66101754852417738,4.9248489330508587,5.223888449188931,4.5100780972456223,4.6521285528067615,4.5465478270998565,5.2547070431172083,5.8382719634593148,5.8382719634593148,6.5153211217192677,7.1201936580741769,7.421627203338347,7.680814469232244,8.1366661765329464,8.7370002807979841,8.8394066075524051,8.85494917845906,8.9025632869612146,8.8928531746170822,8.8150081711916624,8.8328754117991366,8.9223822130971424,8.9302052178461224,9.10168552409157
null,null,null,null,null,null,null,null,null,null,null,null,null,null,null,null,null,null,null,null,null,null,null,null,null,null,null,null,null,null,null,null,null,null,1.7201521077256623,2.0789224547536915,2.0789224547536915,2.0933752682239968,1.9760468347962616,1.6390944359804456,1.4343408344887738,1.28926943377882,1.8963183925896321,4.6581461843469656,4.7456767268671189,4.7472065723779835,5.1723755131065747,5.19904010962122,5.9362658826607113,6.3842941754323315,6.3842941754323315,6.9141121195776813,7.4477601850319992,7.7041188600017216,7.9174997475611075,8.3441982338782861,8.85954537515297,8.9624982351202771,8.9715665337757819,9.0165646958940471,9.027716664186979,8.957226178970835,9.00737755065003,9.1003503963727148,9.1197403397162589,9.3461338712918458
null,null,null,null,null,null,null,null,null,null,null,null,null,null,null,null,null,null,null,null,null,null,null,null,null,null,null,null,null,null,null,null,null,null,1.8173740417103867,1.771131071029187,1.771131071029187,1.7364624969729257,1.7544281379618154,1.6965026968068802,1.8067277831822164,1.8565983683596736,3.3767518435877175,4.1820799861790077,4.8919110400544188,5.0559033626737326,5.4497921278700527,5.6912112543205016,6.428206490408976,6.804881255601523,6.804881255601523,7.30846294793346,7.8038907399907815,8.0134357788054071,8.2236703222356269,8.5608398749514834,8.9945453401664484,9.0846215219444435,9.09287168248451,9.1443480923475633,9.1333025209770184,9.0487842420508677,9.0857885129253848,9.1592925330001034,9.1768781284664964,9.3919530408923286
null,null,null,null,null,null,null,null,null,null,null,null,null,null,null,null,null,null,null,null,null,null,null,null,null,null,null,null,null,null,null,null,null,null,1.4309951101741776,1.4919218939090833,1.4919218939090828,1.578818597365256,1.7863409634250151,1.9537987705727613,2.1738362925815604,2.2453042509183154,2.5896658333299252,3.984025966227116,5.048887022794724,5.3367242387185074,5.80752346855113,6.24161919372306,7.0247658713390013,7.4011195659583411,7.4011195659583411,7.8433337260091109,8.2913922319228259,8.4372076751742942,8.5735344626581913,8.8057203673962974,9.1148375715785939,9.1830435168049842,9.188346520898099,9.2344160530689567,9.228201755696384,9.173052425488315,9.2154119692138234,9.2512576031938458,9.26003634296331,9.4111728293172661
null,null,null,null,null,null,null,null,null,null,null,null,null,null,null,null,null,null,null,null,null,null,null,null,null,null,null,null,null,null,null,null,null,null,1.494990800250672,1.4740975330538904,1.47409753305389,1.5756147455787017,1.8397357598920732,2.1021482839818781,2.2431529052786705,2.0730957985735858,2.0700229482332531,4.1311323263010662,5.4748593077314984,5.8749204917079556,6.4328322935464195,7.0546595448000895,7.85125747900823,8.1326016762123921,8.1326016762123921,8.4480319658723086,8.7243554509340537,8.8086261129400363,8.8773558776171573,9.01058708388124,9.1995614379757473,9.2226593809713,9.22104594199155,9.2374849260211089,9.2235936811689445,9.2771998631487556,9.3551707684024024,9.37961662901456,9.4287269040616231,9.5511470421357174
null,null,null,null,null,null,null,null,null,null,null,null,null,null,null,null,null,null,null,null,null,null,null,null,null,null,null,null,null,null,null,null,null,null,1.4613808491539257,1.4981473412410369,1.4981473412410362,1.6222011191848511,1.9386338275818116,1.8430654968665889,1.6350543345701127,1.4210678059073258,1.7717085897480269,3.9864225020170991,5.3858785918873826,5.8956699496325964,6.4156392749503119,7.1261654889687085,7.9790030267364793,8.243265829591687,8.243265829591687,8.5894428351209626,8.904719842756915,8.9642717414082611,9.0145854188986885,9.1122775486198631,9.2492259995323867,9.2345848306241223,9.226964216131865,9.2310064392612539,9.2326877100460472,9.3922431379632876,9.5840232140873418,9.629885694602649,9.7076233887278764,9.8529866796006615
null,null,null,null,null,null,null,null,null,null,null,null,null,null,null,null,null,null,null,null,null,null,null,null,null,null,null,null,null,null,null,null,null,null,1.3844969573009362,1.5635271465192735,1.5635271465192737,1.7221752183019829,1.7163475557642449,1.3714079456099491,1.2435374904394445,1.0721083642768274,1.6391421778716786,4.144282678937401,5.6433996016671246,6.161617745511931,6.7021099419218579,7.4667645740142365,8.1843371211989489,8.43784816304289,8.43784816304289,8.7801972876150387,9.09852934572752,9.140699587283736,9.1780344443511019,9.2316988510652855,9.29500857980883,9.25268677759986,9.2574052987624249,9.2503463353387634,9.2778580548539669,9.5795749139476722,9.8362292541264544,9.9308222056179254,10.053370592695622,10.246914819795707
null,null,null,null,null,null,null,null,null,null,null,null,null,null,null,null,null,null,null,null,null,null,null,null,null,null,null,null,null,null,null,null,null,null,1.3372181912353529,1.4494428613007571,1.4494428613007562,1.5594609760064178,1.095935559068786,0.70280386822937879,0.76431418669757412,0.59794220252284869,1.2698297977593482,4.3596243171012992,6.0314251657953459,6.5657598624767211,7.162032192537418,7.8921731395463057,8.4444720409908953,8.66644717772642,8.66644717772642,8.9637695445894234,9.24242766648679,9.2629363151695525,9.2787656014253717,9.30969268423776,9.28850728354303,9.2410289528875378,9.26396838915673,9.2479054123107911,9.3222476984436,9.770082456656489,10.097387279461241,10.213771763431067,10.364004396162331,10.635696490596896
null,null,null,null,null,null,null,null,null,null,null,null,null,null,null,null,null,null,null,null,null,null,null,null,null,null,null,null,null,null,null,null,null,null,0.81476347088096945,1.3099280099634842,1.309928009963484,1.4337383044958574,0.84541400895176677,0.31228973573708069,0.36710858744782415,0.19602178298536257,0.86498061892543832,4.4574547786402192,6.3703545187351907,6.9511240287815941,7.642019723541174,8.2687788044123085,8.6430047607200589,8.80044735828318,8.80044735828318,9.0690647821867447,9.3198628067240818,9.33924992589856,9.3525571735259483,9.3433880569261518,9.2811661493308044,9.2034239097423765,9.2371419031478652,9.2140350355599949,9.3072255298544029,9.8228414305552185,10.209729495365679,10.361878193715167,10.550788788306221,10.875195244256046
null,null,null,null,null,null,null,null,null,null,null,null,null,null,null,null,null,null,null,null,null,null,null,null,null,null,null,null,null,null,null,null,null,null,null,1.2661012731864687,1.2661012731864683,1.4087789390600811,0.73978717832356478,0.20261657625930865,0.25393554000111229,0.097685915016337624,0.58321503040424127,4.219955920576326,6.2617202686082667,7.0132174359955286,7.9317503267142406,8.6398114581585439,8.77445072487343,8.8961697079776485,8.8961697079776485,9.1294990893599159,9.3731877413691311,9.382840877381458,9.381631739361481,9.3693625984277844,9.303776102386,9.2669516222185049,9.3040920388248409,9.29945297464248,9.4443756267132759,9.9426517683195481,10.281408644143548,10.416249811409378,10.548313387091957,10.859012120642092
null,null,null,null,null,null,null,null,null,null,null,null,null,null,null,null,null,null,null,null,null,null,null,null,null,null,null,null,null,null,null,null,null,null,null,1.8877277062436082,1.8877277062436082,2.0273947639091237,0.87710567161165953,0.07524685465786031,0.072225544101573627,-0.13979415218860405,0.33333819579256507,3.8808343711839983,6.059060061483958,7.0523398777609261,7.8407102148510148,8.8751743325811141,9.0015230433833313,9.0845606075374121,9.0845606075374121,9.2729740311787481,9.4626199377181024,9.4514616962766,9.4372855402503077,9.398568149294789,9.3157280228670789,9.3182391191810634,9.3896618795994868,9.3981898166251572,9.5882567016080262,10.100241459191823,10.327844538284362,10.419521776421211,10.511886313157717,10.759750598045686
null,null,null,null,null,null,null,null,null,null,null,null,null,null,null,null,null,null,null,null,null,null,null,null,null,null,null,null,null,null,null,null,null,null,null,null,null,null,-0.54777681592348559,-0.9404134726993,-1.0923771347724818,-1.0923771347724818,-0.8378070313117435,2.8932447358603079,5.314034426128341,6.7049654899240494,7.3869001880160923,8.647106663936146,9.2124806383779116,9.3097649524974262,9.3097649524974262,9.4477731692722369,9.57595647197411,9.55237617320438,9.52352814790644,9.4711206714479221,9.4048845324125185,9.4419099650406686,9.5360666279808548,9.5573924327648783,9.76788593968567,10.206280509909034,10.325499787125043,10.343053902729697,10.377320820714763,10.515249595830351
null,null,null,null,null,null,null,null,null,null,null,null,null,null,null,null,null,null,null,null,null,null,null,null,null,null,null,null,null,null,null,null,null,null,null,null,null,null,null,-2.7967749542247491,-2.8312909071410575,-2.8312909071410575,-1.9006387650926739,1.465897076894493,3.974221244124136,5.8277451393714337,6.5350223704527091,8.2494028509479271,9.3306963317477667,9.5050345577038851,9.5050345577038851,9.6338158584474343,9.7292630427056519,9.6882824206032243,9.6403269372664262,9.5553942942007275,9.5288710749907573,9.5872031916997,9.68926711108594,9.7391257954862311,9.9439900502788028,10.216688109969194,10.217784776750717,10.224720945638962,10.1997420691759,10.258674759730289
null,null,null,null,null,null,null,null,null,null,null,null,null,null,null,null,null,null,null,null,null,null,null,null,null,null,null,null,null,null,null,null,null,null,null,null,null,null,null,null,null,null,-1.7434436899511558,0.19204320693816609,2.4146463106609488,4.8964832014664994,5.43294634002873,7.6789363127272177,9.2974737296457821,9.65121277620099,9.65121277620099,9.7986918893175474,9.8320037342096747,9.7619790110077567,9.6955441989712572,9.6108521591198581,9.6471729297468816,9.7747419609977566,9.8710293308664454,9.9448800550240986,10.12120247083109,10.238291712900775,10.121792118100656,10.100763170835856,10.026184663906074,10.083034438552135
null,null,null,null,null,null,null,null,null,null,null,null,null,null,null,null,null,null,null,null,null,null,null,null,null,null,null,null,null,null,null,null,null,null,null,null,null,null,null,null,null,null,null,-0.077586522949585873,1.594251641006627,4.5030485642646454,4.5030485642646454,6.5829678408545691,9.0322941439672313,9.647373284523189,9.647373284523189,9.977595543181522,9.97977931377775,9.8886356820425725,9.8206186717456365,9.6872216006132579,9.7524696781994553,9.8867134759513249,9.9666297945887674,10.051041265708761,10.144709843471512,10.124901170314043,9.99025530619085,10.005709979783479,9.9571944629215228,10.035149937928397
null,null,null,null,null,null,null,null,null,null,null,null,null,null,null,null,null,null,null,null,null,null,null,null,null,null,null,null,null,null,null,null,null,null,null,null,null,null,null,null,null,null,null,0.50291137129613317,1.598128685572435,4.2537822530494829,4.2537822530494829,5.7690089294567066,8.762914626615947,9.5950582594555573,9.5950582594555573,10.086646723234477,10.103042251086809,10.026343653574751,9.945192076548258,9.8308588472071889,9.906014110333,9.9994500623394664,10.023401773380318,10.076832441788337,10.07924964732398,9.90540767929317,9.8186921625924271,9.8834743013854229,9.8701591408221923,9.9697507689450919
null,null,null,null,null,null,null,null,null,null,null,null,null,null,null,null,null,null,null,null,null,null,null,null,null,null,null,null,null,null,null,null,null,null,null,null,null,null,null,null,null,null,null,null,null,4.2504448853180454,4.2504448853180463,5.5305743129669436,8.6828736022895558,9.6929201573643144,9.6929201573643144,10.259828381746711,10.223396732444844,10.143392441968338,10.071266585271353,9.9212570825574282,9.9384325572266157,9.95983656942089,9.9414438264702,9.9629550733257961,9.8762144171832915,9.665100107282889,9.6391071587908357,9.7308625760442151,9.7639264567685089,9.9675233516639583
null,null,null,null,null,null,null,null,null,null,null,null,null,null,null,null,null,null,null,null,null,null,null,null,null,null,null,null,null,null,null,null,null,null,null,null,null,null,null,null,null,null,null,null,null,4.8164681399983236,4.8164681399983174,5.1862912756579247,8.6660353885729347,9.7954724973262337,9.7954724973262337,10.378708479718727,10.269855958758566,10.191636155031944,10.129735834621831,9.9977990173078037,9.85640104931268,9.7780398383656522,9.7078566905980228,9.65102589964109,9.4895906116133641,9.3453624402714528,9.4166579224185885,9.5301925042669087,9.6580839389445554,10.024805734257905
null,null,null,null,null,null,null,null,null,null,null,null,null,null,null,null,null,null,null,null,null,null,null,null,null,null,null,null,null,null,null,null,null,null,null,null,null,null,null,null,null,null,null,null,null,4.9275449405774863,4.9275449405774863,4.593446048413135,9.1019275140657356,10.004290889023494,10.004290889023494,10.48425205805739,10.317949155936224,10.243281551828568,10.201365768087097,10.059658856086612,9.7323779525971972,9.5114142703606976,9.3971036926853344,9.2606461030453548,9.0815802192686146,9.05525756835244,9.270999473298005,9.4204543443406088,9.622875609907922,10.085516328059679
null,null,null,null,null,null,null,null,null,null,null,null,null,null,null,null,null,null,null,null,null,null,null,null,null,null,null,null,null,null,null,null,null,null,null,null,null,null,null,null,null,null,null,null,null,null,null,5.39479720239966,9.7706189838848214,10.266371491428773,10.266371491428773,10.520722985125841,10.308608954162317,10.247564039820904,10.21333694372462,10.105481887715845,9.6734378959743363,9.3739249460628464,9.235863204718548,9.0499369009927246,8.8493533151016024,8.8663676641031817,9.1518813904827585,9.25578429812256,9.49431272314511,10.067777599767656
null,null,null,null,null,null,null,null,null,null,null,null,null,null,null,null,null,null,null,null,null,null,null,null,null,null,null,null,null,null,null,null,null,null,null,null,null,null,null,null,null,null,null,null,null,null,null,null,10.480577559771017,10.62715028837583,10.62715028837583,10.588794754483549,10.293821808222566,10.224580069725867,10.211922737275319,10.07040989224476,9.4929959084967965,9.1359264052420777,8.9984664088844362,8.7930455369300748,8.5863176234212411,8.68034440323431,8.9758134165846268,8.9758134165846286,9.2231213017514726,9.9733825307322874
