data/20210806_0010.json
{"header": { "discipline": 0, "disciplineName": "wind", "gribEdition": 2, "gribLength": 9207, "center": 7, "centerName": "BBV", "subcenter": 0, "refTime": "20210806_0010", "significanceOfRT": 1, "significanceOfRTName": "Start of forecast", "productStatus": 0, "productStatusName": "Operational products", "productType": 1, "productTypeName": "Forecast products", "productDefinitionTemplate": 0, "productDefinitionTemplateName": "Analysis/forecast at horizontal level/layer at a point in time", "parameterCategory": 2, "parameterCategoryName": "Momentum", "parameterNumber": 2, "parameterNumberName": "U-component_of_wind", "parameterUnit": "m.s-1", "genProcessType": 2, "genProcessTypeName": "Forecast", "forecastTime": 0, "surface1Type": 103, "surface1TypeName": "Specified height level above ground", "surface1Value": 10, "surface2Type": 255, "surface2TypeName": "Missing", "surface2Value": 0, "gridDefinitionTemplate": 0, "gridDefinitionTemplateName": "Latitude_Longitude", "numberPoints": 9207, "shape": 6, "shapeName": "Earth spherical with radius of 6,371,229.0 m", "gridUnits": "degrees", "resolution": 48, "winds": "true", "scanMode": 0, "nx": 99, "ny": 93, "basicAngle": 0, "lo1": 115.7, "la1": 25.9, "lo2": 120.6, "la2": 21.3, "dx": 0.049999999999999913, "dy": 0.049999999999999975 }, "data":
[rows 30 to 59 of 93, columns 0 to 65 of 99]
null,null,null,null,null,null,null,null,null,null,null,null,null,null,null,null,null,null,null,null,null,null,null,null,null,null,null,null,null,null,null,null,null,null,null,null,null,null,null,null,null,null,null,null,null,null,null,null,null,null,null,null,null,null,null,null,null,0.83475138984263431,1.0599255351722063,1.0599255351722063,1.2873581268376248,1.6351163836209539,1.745180237566367,1.7929809080082184,1.805323462646228,1.8754813035537459
null,null,null,null,null,null,null,null,null,null,null,null,null,null,null,null,null,null,null,null,null,null,null,null,null,null,null,null,null,null,null,null,null,null,null,null,null,null,null,null,null,null,null,null,null,null,null,null,null,null,null,null,null,null,null,null,null,2.2135861329522304,2.3939910074565693,2.3939910074565716,2.55392810802713,2.5640521498319671,2.4948622902118709,2.4821894811073988,2.3842715723568846,2.2815222585283967
null,null,null,null,null,null,null,null,null,null,null,null,null,null,null,null,null,null,null,null,null,null,null,null,null,null,null,null,null,null,null,null,null,null,null,null,null,null,null,null,null,null,null,null,null,null,null,null,null,null,null,null,null,null,null,null,null,3.4189824705830234,3.7271627757117383,3.7271627757117378,3.6715039984812914,3.3380055469542649,3.0647111387058521,2.9846972035257653,2.8159353218481931,2.6158721580585413
null,null,null,null,null,null,null,null,null,null,null,null,null,null,null,null,null,null,null,null,null,null,null,null,null,null,null,null,null,null,null,null,null,null,null,null,null,null,null,null,null,null,null,null,null,null,null,null,null,null,null,null,null,null,null,null,5.2632217754791517,5.2195921104047525,5.0406169854533323,5.0567492907194884,4.7721319152323982,3.9854112231763605,3.6044464286232882,3.4728491252180342,3.2669196409990033,3.0102987499652549
null,null,null,null,null,null,null,null,null,null,null,null,null,null,null,null,null,null,null,null,null,null,null,null,null,null,null,null,null,null,null,null,null,null,null,null,null,null,null,null,null,null,null,null,null,null,null,null,null,null,null,null,null,null,null,null,6.5110698812785825,6.2293795161457615,5.9683325296302989,5.987978538128945,5.6135254893533446,4.6443375112206864,4.1978616511038132,4.0289674787075827,3.79010680776193,3.4757147341640953
null,null,null,null,null,null,null,null,null,null,null,null,null,null,null,null,null,null,null,null,null,null,null,null,null,null,null,null,null,null,null,null,null,null,null,null,null,null,null,null,null,null,null,null,null,null,null,null,null,5.5859575757427384,5.5859575757427384,6.3437481590425771,6.5769078493055977,6.7686068361340732,6.8967498164574792,6.8878149909349169,7.008534750363836,6.7808437309288028,6.541112558139683,6.5077954692599151,6.1906382874195272,5.2411855216740442,4.7907198519590359,4.6090180135755281,4.3317236960493153,3.9966219597414878
null,null,null,null,null,null,null,null,null,null,null,null,null,null,null,null,null,null,null,null,null,null,null,null,null,null,null,null,null,null,null,null,null,null,null,null,null,null,null,null,null,null,null,null,-3.8570769359201025,-3.7284570886399639,-3.3184874025329312,-2.6716885062050566,5.1589759442981364,5.7970765961016575,5.7970765961016575,6.5369918974920971,6.8812511123781732,7.037914702417301,7.1621550189894334,7.2904613894820152,7.3021002891372593,7.1336920312538394,6.9711886059308315,6.9261258415148079,6.6702858136512262,5.8094629629336936,5.3398982674737887,5.1404688249948638,4.8672298012735418,4.519491062986555
null,null,null,null,null,null,null,null,null,null,null,null,null,null,null,null,null,null,null,null,null,null,null,null,null,null,null,null,null,null,null,null,null,null,null,null,null,null,null,null,null,null,null,-3.438169685494584,-3.2062235581360317,-2.836259027600021,-2.3291205548702574,-2.3481068585736589,4.92956898042165,5.7221118608332571,5.7221118608332571,6.6264068789865744,7.0030367070696746,7.1719916688892553,7.3725049180939362,7.5159499245927863,7.5141707734601386,7.3547444817066481,7.2334218675539264,7.1845037080146534,6.9527427587042023,6.1836628224846795,5.7620460681310259,5.6023208631206911,5.3551251833639544,5.0306356258072267
null,null,null,null,null,null,null,null,null,null,null,null,null,null,null,null,null,null,null,null,null,null,null,null,null,null,null,null,null,null,null,null,null,null,null,null,null,null,null,null,-3.1443216666460954,-2.8378698491528875,-3.1855803916980352,-2.7479717573332452,-2.8243109239460242,-3.0066534115017673,-2.8248229967061111,-3.0326701969610963,4.9702557053249,5.781484652222562,5.781484652222562,6.7072237682954254,7.2185501640374348,7.3603911597444718,7.5679074545635627,7.7183322499113984,7.64998238004199,7.4876438686503048,7.3721552980777192,7.297341013833079,7.0508687497225315,6.3078502678976882,5.9033518470766548,5.7916068595679926,5.5715373511621076,5.2960156517479327
null,null,null,null,null,null,null,null,null,null,null,null,null,null,null,null,null,null,null,null,null,null,null,null,null,null,null,null,null,null,null,null,null,null,null,-4.4182382597464489,-4.4182382597464489,-4.1220326883295417,-3.1453716545310635,-2.7482371907509617,-2.6509946625269674,-2.4739682718122493,-2.4774486160185991,-1.6440875116628124,4.145555348465189,5.58966499092804,6.7101399030053388,7.4165765010630569,7.632858596582996,7.3736698406081507,7.3736698406081507,7.5080420014203346,7.6105494674318113,7.691056187056569,7.8283987545244669,7.8824035443784775,7.7001055767542086,7.5035080361993236,7.3817948330439274,7.2874762337596248,7.00782300992886,6.2319051775801819,5.8245150842482873,5.7132800421147785,5.4928450358830565,5.25828854451528
null,null,null,null,null,null,null,null,null,null,null,null,null,null,null,null,null,null,null,null,null,null,null,null,null,null,null,null,null,null,null,null,null,null,-3.7956018401755975,-3.776777021239702,-3.776777021239702,-3.4014065739775736,-2.5976424240022684,-2.1880255744463635,-2.1209011752472207,-2.0092892625071661,-2.0088846570646743,4.6159031243922222,7.1446776302224588,7.61937199987562,8.7369876414318366,9.0135710253195622,8.4521886785923179,8.0692778632824851,8.0692778632824851,7.931866726033,7.8636224818480285,7.88704148948936,7.9475044755995716,7.9086591811242668,7.6023349128344568,7.3601957345061333,7.2202433434055093,7.1129745336291306,6.8076797268329994,6.0018808075745174,5.6070537257091848,5.4822944409679426,5.2714742182458245,5.02388268599214
null,null,null,null,null,null,null,null,null,null,null,null,null,null,null,null,null,null,null,null,null,null,null,null,null,null,null,null,null,null,null,null,null,null,-3.6464160951531923,-3.2833463000911496,-3.2833463000911496,-2.9643279957976683,-2.1341810236412111,-1.7410612612200784,-1.6175281796091636,-1.428298555576401,0.92614351178624221,6.8668955281490449,8.874096664545192,9.0504358317176354,9.9406960613130231,9.8335425451046756,8.943607763819811,8.50486340371444,8.50486340371444,8.23329520384909,8.0103914845725885,7.9884626437227375,7.9888256106341888,7.8366536762803634,7.4189219779685969,7.127124659344851,6.9693369151069824,6.84135462679042,6.50687458374263,5.7063944971984855,5.3264954121798658,5.1888589318209846,4.9911019823806191,4.7268835421191531
null,null,null,null,null,null,null,null,null,null,null,null,null,null,null,null,null,null,null,null,null,null,null,null,null,null,null,null,null,null,null,null,null,null,-2.7171170642426787,-2.5835623655055082,-2.5835623655055087,-2.3477441706666431,-1.6829446834641846,-1.2057579674422605,-0.83577188665067093,-0.43748035970445848,3.0143947599663297,8.0825804779869532,10.14154385137855,10.202670034617768,10.880560140408967,10.606999388678979,9.4526656769873423,8.9432431298279234,8.9432431298279234,8.46155845542906,8.0904667262599261,7.9986908332432227,7.8922929578338739,7.6314047893631249,7.0924967657027178,6.7751473768896266,6.6148595089481841,6.47646755361959,6.1616295471786371,5.4473754383908917,5.1183315670334508,4.9658973497007057,4.7847470757372212,4.5006758170377061
null,null,null,null,null,null,null,null,null,null,null,null,null,null,null,null,null,null,null,null,null,null,null,null,null,null,null,null,null,null,null,null,null,null,-2.2272748402075684,-2.0505029489663897,-2.0505029489663915,-1.8169100800843521,-1.1377183849033219,-0.36113161764912188,0.52870145977581939,1.0736043394378141,3.948828002939746,9.412447314439687,11.683765665498719,11.667862461931239,12.275152728526537,11.802737403022848,10.18438823368091,9.4440626998664037,9.4440626998664037,8.6645159544426367,8.01210715317239,7.870111255627295,7.6823129546811444,7.3277744872925767,6.72846525468253,6.39867476021978,6.2596887650819,6.1189499597406076,5.8299231770437325,5.2667834031750633,5.0141151237816413,4.8609738352609826,4.719059200818962,4.4313641272824125
null,null,null,null,null,null,null,null,null,null,null,null,null,null,null,null,null,null,null,null,null,null,null,null,null,null,null,null,null,null,null,null,null,null,-1.7676764910133966,-1.5343346735107384,-1.5343346735107393,-1.2579991450185866,-0.28187291790954466,0.84454814620120811,1.6510266977896351,1.9634899454203507,4.4793470434082989,10.301041024019424,12.433765424380885,12.171831948851162,12.582838463766668,11.702795352466735,9.8416838253512768,9.1655260259691964,9.1655260259691964,8.3563102698189535,7.635133945938902,7.4761664965855905,7.2646833559081436,6.8937445023550907,6.312758243430296,6.0150057075875161,5.9054107834310363,5.777359843657913,5.5563920333371879,5.1651043505333805,4.9987414476379026,4.8710436970124391,4.766275981434914,4.5273370241872808
null,null,null,null,null,null,null,null,null,null,null,null,null,null,null,null,null,null,null,null,null,null,null,null,null,null,null,null,null,null,null,null,null,null,-1.4149340346412973,-0.85321212323571272,-0.85321212323571283,-0.50276120294151172,0.68919055584535294,1.480137943651668,2.239553474947948,2.5171291161685452,4.9603819539019387,10.685199723862041,12.424676065314861,12.108993596496981,12.355898537871239,11.383387183857671,9.5924047551042655,8.90105638842682,8.90105638842682,8.0408294529872091,7.2368713518508461,7.0810504618233923,6.8633847793684417,6.5261810608766639,6.001206540534862,5.73964842608979,5.6487192660204339,5.5329017648651124,5.3559816713922279,5.1220611679210641,5.0405851518037492,4.9532835907537187,4.8955322329102406,4.7193724399380805
null,null,null,null,null,null,null,null,null,null,null,null,null,null,null,null,null,null,null,null,null,null,null,null,null,null,null,null,null,null,null,null,null,null,-0.20552226494683015,0.21577207854389313,0.21577207854389302,0.37488549356913292,1.5110212095863984,2.0471318605333266,2.9395987735886022,3.2219912993312825,5.7308876970682672,11.088391988146176,12.443329236059837,12.035207568041978,12.0681442239626,10.997490886983247,9.29206750856822,8.6005560505740934,8.6005560505740934,7.7191359768645995,6.8632232559946535,6.70528388732906,6.49944180217058,6.1950277030619594,5.7024658898578551,5.4827388304972349,5.4141594645460884,5.3070081945623437,5.18492575888418,5.0896955776190875,5.08042498734409,5.0155086755364273,4.9892643018759957,4.8854235901795473
null,null,null,null,null,null,null,null,null,null,null,null,null,null,null,null,null,null,null,null,null,null,null,null,null,null,null,null,null,null,null,null,null,null,1.0816342280360332,0.73679429202248015,0.73679429202248,0.78301801585845177,1.7155749683603061,2.6129745976829692,3.9170310086398521,4.2840447298513951,6.7815820766332822,11.71925570444092,12.438097743662246,11.932897939165922,11.830164418160496,10.627343338762934,8.97663303558232,8.3039040410286535,8.3039040410286535,7.460450284204434,6.5797814942222717,6.4229052148209336,6.2238859546451826,5.9134485662621818,5.45855566669054,5.2586202071598978,5.2150414537434111,5.12160302614023,5.0286871941115656,4.9950703215696981,5.0123289329635963,4.9788991605384654,4.9805304701099,4.936656317788505
null,null,null,null,null,null,null,null,null,null,null,null,null,null,null,null,null,null,null,null,null,null,null,null,null,null,null,null,null,null,null,null,null,null,null,0.96000373293099839,0.96000373293099817,1.0083387366837866,1.8846764373332612,2.8558765069929839,4.3502873768079056,4.7187909556123282,7.5013696056965689,12.272733842401538,12.591330396149983,11.94121573731316,11.692740097533651,10.338222129787624,8.6788252957844758,8.0551848531560086,8.0551848531560086,7.2061015386089942,6.3131935655927078,6.15939568471428,5.9464003665956255,5.6568496135083075,5.2169029163556955,5.04585766201778,5.0137131846259058,4.9423002618420977,4.9147469726347355,4.9235181870996652,4.9303384326270523,4.8953194147053409,4.8750616289431656,4.8385447720267756
null,null,null,null,null,null,null,null,null,null,null,null,null,null,null,null,null,null,null,null,null,null,null,null,null,null,null,null,null,null,null,null,null,null,null,0.3861266087726507,0.3861266087726507,0.38628681632112555,1.9883232634235379,3.3140483292663738,5.2123358396538917,5.54899783349412,8.6033006099330915,13.046944036398914,12.97788002787742,12.140996694075429,11.735064289931985,10.198427495844955,8.3426844981230275,7.7075448142788536,7.7075448142788536,6.8797314519863875,6.0554494523326037,5.8992799795684361,5.69098081734066,5.4034517919464209,4.9632634979764507,4.8110088345302122,4.7958770825889463,4.7342991512801333,4.7377307842218821,4.793381643429635,4.770776711009276,4.7248958811205783,4.6923830958351589,4.638644917880149
null,null,null,null,null,null,null,null,null,null,null,null,null,null,null,null,null,null,null,null,null,null,null,null,null,null,null,null,null,null,null,null,null,null,null,null,null,null,2.233982039686579,4.3569065222880736,6.7584677196180651,6.7584677196180651,10.627872560110424,14.163525337437441,13.749195747252818,12.68762650344012,12.125894385938105,10.416672811175223,8.0760188239694468,7.330201280710158,7.330201280710158,6.5177459229615584,5.7551469128483346,5.6007820425741572,5.4077045948926017,5.1199952156234136,4.6819625251405421,4.5569509609863443,4.5519348797255947,4.4992081542432079,4.5175784585172316,4.5493381977608154,4.5111529799906771,4.4549890000157415,4.4098220045742247,4.329775132018594
null,null,null,null,null,null,null,null,null,null,null,null,null,null,null,null,null,null,null,null,null,null,null,null,null,null,null,null,null,null,null,null,null,null,null,null,null,null,null,8.9518716099209463,10.39018278427492,10.39018278427492,12.682430046999688,14.48362197013186,14.03229036978296,12.961642472032331,12.544611111114838,10.72316011232458,7.9011073107877987,6.9827978394872341,6.9827978394872341,6.1138201642124841,5.4178135202428406,5.2697257053036068,5.0796543850997091,4.796833450504864,4.4059340985160906,4.2900231876822179,4.2919860462062607,4.2534601700871448,4.2642459122219245,4.2329855069004605,4.14323975938362,4.0976032528913313,4.0314833405111248,3.945224778115989
null,null,null,null,null,null,null,null,null,null,null,null,null,null,null,null,null,null,null,null,null,null,null,null,null,null,null,null,null,null,null,null,null,null,null,null,null,null,null,null,null,null,14.515545504667221,14.502389510835627,14.246837100907756,13.120429122613613,12.865115280352851,11.043272418253977,7.9019084622942524,6.7194850724081228,6.7194850724081228,5.6675522861893715,4.9783275898422028,4.847388148412425,4.6763429021340874,4.4369615506754663,4.1128520484415336,4.0169740291258922,4.0164486188472743,3.9860645614062271,3.9915964667512926,3.8731506182813606,3.7231111891946953,3.6835694616356611,3.5791431427964651,3.5288209238822037
null,null,null,null,null,null,null,null,null,null,null,null,null,null,null,null,null,null,null,null,null,null,null,null,null,null,null,null,null,null,null,null,null,null,null,null,null,null,null,null,null,null,null,13.762502936189081,13.991332934798594,12.828030571162145,12.828030571162145,11.434022219229064,8.1891594889965926,6.7157453268201808,6.7157453268201808,5.3078246172488477,4.5152271102179853,4.3997302695097531,4.2486217477492785,4.038563307047097,3.8129589775690493,3.7404208010427147,3.7337547725637408,3.7116663583101519,3.6609506907303433,3.3765528552931694,3.1735115331696275,3.1915596896497758,3.0795727071107555,3.1337861101328062
null,null,null,null,null,null,null,null,null,null,null,null,null,null,null,null,null,null,null,null,null,null,null,null,null,null,null,null,null,null,null,null,null,null,null,null,null,null,null,null,null,null,null,13.059067752432911,13.546182690836698,12.563435378364213,12.563435378364213,11.581552212427496,8.4793909078032126,6.87982998832479,6.87982998832479,5.0720234895507792,4.0061775131007762,3.9164253156246658,3.760099006717466,3.6074172226807297,3.5172108456586679,3.4893328349579384,3.4802283077589733,3.479105343416744,3.4070065294492777,3.0045708605213233,2.7352005089731026,2.788922036837246,2.6676174773229415,2.7860047118487259
null,null,null,null,null,null,null,null,null,null,null,null,null,null,null,null,null,null,null,null,null,null,null,null,null,null,null,null,null,null,null,null,null,null,null,null,null,null,null,null,null,null,null,null,null,12.195248789118834,12.195248789118835,11.506026383725095,8.6293461785687189,6.8847689080650163,6.8847689080650163,4.7428352659820661,3.427246706830311,3.3669438588948011,3.1981789490984105,3.1357756435475648,3.1913758512241266,3.2163344901857549,3.2190981510160706,3.2240320962752835,3.1775580399903314,2.838689127765925,2.6237504068427504,2.65906609665811,2.5640751704559648,2.6868645077881896
null,null,null,null,null,null,null,null,null,null,null,null,null,null,null,null,null,null,null,null,null,null,null,null,null,null,null,null,null,null,null,null,null,null,null,null,null,null,null,null,null,null,null,null,null,11.482008042397716,11.482008042397718,11.497854268634812,8.5522475823479063,6.6353219930672385,6.6353219930672385,4.244297932778724,2.78762130086604,2.758799751278894,2.5817011816238122,2.6036195351252207,2.7921166837699527,2.8807158890288833,2.915287912341201,2.9433079928272248,2.9486828428258014,2.7820123197274893,2.6375456316281007,2.6532392859968246,2.6044610710494824,2.6563461000494342
null,null,null,null,null,null,null,null,null,null,null,null,null,null,null,null,null,null,null,null,null,null,null,null,null,null,null,null,null,null,null,null,null,null,null,null,null,null,null,null,null,null,null,null,null,11.314756368008007,11.314756368008007,11.750530686110528,7.8690994331408639,5.9906892338639643,5.9906892338639643,3.5852524570221465,2.0928381811997729,2.1144709332892098,1.9424176535202995,2.0637074395619091,2.3920095770881349,2.5459700298874504,2.621783537142377,2.6864095831531105,2.75978534021723,2.7710952573263148,2.7039879044732587,2.7166125615400736,2.7223627463326285,2.7618098072900468
null,null,null,null,null,null,null,null,null,null,null,null,null,null,null,null,null,null,null,null,null,null,null,null,null,null,null,null,null,null,null,null,null,null,null,null,null,null,null,null,null,null,null,null,null,null,null,11.671700907240627,6.9732008158315057,5.438195762224705,5.438195762224705,3.2338657070724648,1.6346405877450736,1.6946981229642892,1.5086881625299755,1.675061448529926,2.1624032453462081,2.3554351794025443,2.4598677007655025,2.5401096613260665,2.6613583772776588,2.804676172142913,2.8090846362765958,2.8130672241880679,2.8759102656999596,2.9288318800725031
null,null,null,null,null,null,null,null,null,null,null,null,null,null,null,null,null,null,null,null,null,null,null,null,null,null,null,null,null,null,null,null,null,null,null,null,null,null,null,null,null,null,null,null,null,null,null,null,5.6295873439533661,4.3018701244751778,4.3018701244751778,2.6154386913624554,1.2169707454864505,1.301583475044759,1.1143159809177983,1.377295496890425,1.9592087493300021,2.1827906161702031,2.2979041716111905,2.371575543274393,2.5307681415533203,2.8083741239563342,2.9236561802354588,2.9236561802354593,3.0602246478618853,3.258406046082114
